0
7
15
16
18
20
21
22
30
32
33
34
36
38
39
41
44
45
46
48
50
51
54
55
56
58
59
60
62
64
65
67
68
69
70
71
72
74
75
77
78
79
80
81
86
87
88
89
90
95
97
98
99
100
102
103
104
105
106
109
111
114
116
119
122
125
130
134
135
137
139
140
141
142
144
146
147
148
150
152
154
155
156
158
160
162
163
166
169
170
171
172
175
176
179
181
183
184
185
187
188
190
194
195
198
200
202
204
206
207
209
210
212
213
215
217
219
220
221
222
225
229
232
233
235
236
242
243
244
245
248
249
251
252
253
254
255
260
263
269
271
272
273
275
276
277
281
283
284
285
286
288
289
290
293
294
295
296
297
298
302
303
304
308
309
310
312
313
314
317
318
319
322
323
325
326
327
329
331
333
335
336
337
338
339
340
344
346
352
353
354
356
357
360
361
366
368
369
371
372
373
375
379
380
381
383
385
389
390
392
393
394
395
400
401
406
409
412
413
414
415
419
420
422
424
428
433
435
438
439
442
446
448
449
450
451
452
454
455
457
458
459
464
465
466
467
470
471
472
476
478
480
481
483
485
486
488
490
491
493
494
495
496
499
500
501
502
504
507
509
510
511
514
515
520
521
522
523
524
526
529
530
531
533
534
539
543
544
545
548
552
554
555
562
563
566
569
577
579
581
583
585
587
589
591
593
600
603
604
609
613
615
616
617
619
620
624
625
626
628
629
630
632
633
636
638
639
640
641
644
646
650
652
654
656
658
659
660
661
662
665
666
668
671
673
675
676
677
679
680
684
685
686
689
690
691
693
694
695
696
697
700
702
703
706
711
712
713
715
716
717
720
722
723
726
727
729
732
733
735
737
738
739
740
742
743
744
746
749
752
754
756
758
760
761
763
764
765
769
774
775
779
780
781
782
784
786
789
793
794
796
798
800
801
802
804
805
806
807
808
810
811
812
813
816
817
822
823
824
825
826
828
829
831
835
836
839
840
844
846
847
849
850
851
854
857
858
865
867
868
872
873
875
878
880
882
886
887
888
889
898
902
903
904
905
906
908
910
913
914
915
916
918
919
921
922
923
925
926
927
932
934
935
936
937
939
940
941
942
943
945
950
952
953
954
955
956
958
959
960
961
963
964
965
969
970
974
975
979
981
983
984
985
987
991
994
997
999
1003
1005
1006
1008
1009
1014
1017
1018
1019
1021
1022
1027
1029
1030
1031
1032
1034
1039
1040
1041
1043
1047
1048
1050
1054
1055
1057
1058
1062
1063
1065
1066
1067
1068
1071
1073
1080
1087
1091
1093
1094
1095
1096
1098
1099
1101
1102
1103
1104
1105
1108
1109
1111
1112
1114
1116
1119
1122
1123
1125
1126
1127
1128
1130
1131
1132
1134
1135
1136
1138
1139
1140
1144
1146
1147
1149
1150
1152
1158
1160
1161
1165
1167
1171
1175
1176
1177
1179
1181
1183
1186
1187
1190
1191
1193
1194
1196
1197
1199
1200
1203
1204
1207
1211
1220
1221
1222
1223
1224
1225
1226
1228
1232
1234
1239
1241
1243
1245
1246
1249
1255
1256
1257
1259
1260
1262
1263
1265
1269
1271
1272
1274
1278
1279
1280
1284
1285
1286
1289
1291
1293
1294
1296
1297
1298
1300
1301
1302
1304
1306
1307
1309
1311
1312
1314
1315
1316
1317
1318
1324
1325
1326
1327
1328
1332
1333
1337
1340
1341
1345
1347
1348
1349
1351
1352
1354
1355
1356
1362
1364
1365
1366
1367
1369
1370
1374
1377
1378
1379
1382
1385
1387
1392
1393
1395
1397
1401
1402
1404
1405
1407
1409
1410
1411
1419
1422
1425
1427
1429
1432
1433
1435
1436
1438
1446
1447
1448
1454
1457
1459
1460
1461
1463
1465
1466
1468
1469
1471
1472
1473
1476
1477
1478
1480
1481
1482
1485
1488
1491
1492
1497
1500
1502
1503
1507
1509
1510
1514
1516
1518
1521
1524
1525
1527
1532
1533
1534
1535
1536
1538
1539
1540
1541
1542
1543
1547
1553
1554
1555
1556
1557
1566
1569
1572
1579
1580
1581
1583
1585
1586
1587
1590
1591
1594
1603
1604
1608
1611
1612
1613
1614
1616
1617
1618
1620
1621
1622
1624
1625
1627
1628
1629
1633
1638
1639
1642
1644
1646
1649
1650
1651
1653
1655
1657
1659
1660
1661
1662
1663
1664
1667
1669
1671
1675
1677
1679
1680
1681
1682
1683
1691
1692
1695
1696
1697
1698
1699
1701
1702
1703
1704
1706
1707
1709
1710
1712
1713
1715
1718
1719
1721
1722
1723
1725
1730
1735
1736
1737
1739
1742
1743
1744
1746
1749
1750
1754
1755
1756
1757
1758
1761
1762
1763
1765
1766
1767
1769
1770
1771
1775
1777
1780
1782
1784
1785
1786
1788
1790
1792
1795
1796
1800
1801
1803
1805
1806
1808
1809
1810
1811
1816
1817
1818
1819
1824
1827
1832
1833
1835
1837
1839
1841
1843
1844
1846
1847
1849
1850
1851
1855
1860
1862
1863
1866
1867
1868
1869
1874
1876
1878
1881
1884
1885
1886
1887
1889
1892
1893
1894
1895
1896
1899
1901
1902
1906
1909
1910
1914
1916
1917
1918
1921
1924
1925
1930
1931
1933
1934
1936
1938
1940
1941
1942
1945
1946
1953
1955
1956
1957
1959
1962
1965
1966
1967
1968
1973
1974
1976
1978
1982
1983
1984
1985
1987
1990
1991
1996
1997
1998
2000
2001
2002
2006
2010
2018
2021
2023
2024
2026
2028
2033
2036
2042
2043
2044
2047
